 ABC                                                DE_sw      DE          DV       DV/V(%)  
NaLiSe      0.96520   -1.18300    0.54670           0          0          -1.645     -2.938
NaLiTe     -0.40249    0.41958    0.35373           0.022      0.113       0.855      1.218
 KNaS      -0.07961   -0.08241    0.19342           0.012      0.133       1.575      2.215
 KNaSe     -0.22128   -0.12541    0.13728           0.013      0.131       2.002      2.499
 KNaTe     -0.56544   -0.15808   -0.00639           0.014      0.096       2.723      2.818
CaLiSb      1.06849    0.25853    0.43775           0.004      0.079       0.010      0.014
CaLiBi      0.87920    0.31490    0.35267           0.007      0.073       0.092      0.129
SrLiSb      1.85007   -0.60869    0.81702           0          0          -1.744     -2.287
SrLiBi      1.82980   -0.62149    0.81588           0          0          -1.567     -1.971
MgCuP      -1.06567    0.06288   -0.24412           0.001      0.175      -0.636     -1.456
NaCdAs     -0.81002    0.81979    0.31271           0.199      0.050       1.452      2.184
NaCdSb     -0.53298    0.87565    0.35674           0.282      -0.037      2.444      3.143
ScNiP       0.35353   -1.25221   -0.32233           0.001      0.268      -2.415     -5.992
ScPtP      -0.21709   -1.00386   -0.70659           0.008      0.254      -3.510     -7.864
ScCuSi      0.67608    0.57659   -0.39417           0.124      0.003      -0.266     -0.588
CaMgSi	   -0.57477   -0.54308   -0.55252           0.025      0.197       1.220      1.828
CaMgGe     -0.52256   -0.46788   -0.51175           0.028      0.193       1.226      1.809
CaMgSn     -0.89903   -0.68927   -0.69024           0.027      0.119       1.960      2.494
SrMgSi     -0.63107   -0.09548   -0.05347           0.015      0.195      -0.293     -0.397
SrMgGe     -0.65604    0.01841   -0.07712           0.027      0.199       0.071      0.095
SrMgSn     -0.58060   -0.00057   -0.05862           0.034      0.119       0.626      0.730
SrCaSi      0.69736   -1.09126    0.44870           0.180      0.218       3.466      4.102
SrCaGe      0.82136   -1.06191    0.48950           0.002      0.185       3.936      4.622
SrCaSn      0.60727   -1.43462    0.16985           0          0          -0.808     -0.833
SrCaPb      0.59528   -1.44256    0.16389           0          0           4.723      4.798
BaCaSi     -0.49257   -0.16796    0.40885           0.011      0.310       0.285      0.309
BaCaGe     -0.64413   -0.67250    0.46350           0.010      0.289       0.825      0.890
BaCaSn     -0.31151   -0.80403    0.42687           0.002      0.227       2.583      2.440
TiNiSi     -0.34724   -0.03065   -1.16020           0.236      0.161      -0.920     -2.412
TiNiGe     -0.29182    0.13760   -1.11266           0.221      0.008      -0.874     -2.185
TiPdGe     -0.45753   -0.30614   -1.29889           0.036      0.242      -1.143     -2.607
TiPtSi     -0.43997   -0.19081   -1.14398           0.166      0.281      -1.352     -3.171
ZrPtSi     -0.56475   -0.14538   -0.96538           0.345      0.390      -1.958     -4.153
ZrPtGe     -0.56575    0.04616   -0.96714           0.357      0.179      -1.903     -3.883
HfPdSi     -0.68442   -0.06220   -0.89167           0.314      0.378      -1.797     -3.992
HfPtSi     -0.67753    0.07633   -0.81377           0.337      0.274      -2.123     -4.671
HfPtGe     -0.63410    0.21704   -0.88835           0.431      0.050      -1.891     -3.984
NaAgSe     -2.34394   -0.70589   -0.81155           0.051      0.133       0.119      0.194
SrLiAs      1.72389   -0.69314    0.74305           0          0          30.121     31.030
 KSrP       1.47479   -0.82520    1.07725           0          0          10.531     12.001
 KSrSb      4.70712    1.03702   -1.19961           0          0          -1.209     -1.259
 KSrBi      4.70675    1.03676   -1.20003           0          0          -0.243     -0.240
RbSrAs      0.77125   -1.26750    1.06068           0          0          12.254     12.244
RbSrBi      0.61101   -1.37798    0.92193           0          0          14.513     12.056
RbBaAs      1.70001   -0.67829    1.15626           0          0          11.761     10.797
SrAuP       4.66744    1.00886   -1.24515           0          0          -0.045     -0.070
LaLiSi      2.57749    0.63769    0.22534           0.002      0.022      -1.014     -1.565
NaInGe     -0.04911    0.56341    0.20771           0.312      0.001       2.765      3.940
RbInSn     -0.75830    0.70193    1.46862           0.333      0.267       1.840      1.960
BaSrSn      0.41575   -1.53214    0.48224           0          0           5.782      5.064
LiBeP      -0.09060    0.90999    0.21514           0.119      0.018       1.316      3.805
MgLiP      -0.49333   -0.02857   -0.48413           0.019      0.230       0.297      0.653
LiZnP      -0.53920    1.11937    0.06787           0.323      0.059       0.880      2.037
LiBeAs     -0.58914    1.66467    0.30219           0.148      0          -7.944    -19.785
MgLiAs     -0.73811   -0.13303   -0.44384           0.029      0.207       0.169      0.332
LiZnAs     -0.85398    0.80773   -0.01158           0.360      0           0.940      1.891
LiBeSb     -0.32034    1.96206    0.72940           0.288      0           2.113      4.202
MgLiSb     -1.13683   -0.43743   -0.56259           0.050      0.142       1.422      2.271
LiZnSb     -1.30943    0.61212   -0.11193           0.400      0           0.816      1.369
LiBeBi     -0.54160    2.14974    0.83608           0.311      0           1.827      3.424
MgLiBi     -1.19618   -0.54393   -0.57711           0.041      0.126       1.613      2.437
LiZnBi     -1.75916    0.00940   -0.98301           0.309      0           0.213      0.340
NaMgP      -0.52481    0.35082    0.31732           0.102      0.275       2.037      3.381
NaMgAs     -0.72691    0.35846    0.19193           0.114      0.232       1.596      2.394
NaMgSb     -1.18054    0.18695    0.02537           0.146      0.154       0.852      1.083
NaZnSb     -0.46623    1.56512    1.12829           0.081      0.042       2.745      3.993
NaMgBi     -1.31011   -0.05006   -0.16094           0.127      0.143       1.095      1.338
NaZnBi      0.21231    1.22724    0.67644           0.328      0.018       2.683      3.690
 KMgSb     -1.49481    0.42877    1.00533           0.041      0.254       2.133      2.448
 KMgBi     -1.61880    0.35298    0.91737           0.073      0.227       1.662      1.816
