 ABC        GM5+        M2-       GM2-          DE_sw      DE          DV       DV/V(%)  
NaLiSe     0.26382    1.35655   0.00000        0          0          -1.645     -2.938
NaLiTe     0.29888    1.40849   0.68855        0.022      0.113       0.855      1.218
 KNaS      0.31576    1.36131   0.49572        0.012      0.133       1.575      2.215
 KNaSe     0.33413    1.38003   0.50960        0.013      0.131       2.002      2.499
 KNaTe     0.37545    1.41635   0.56345        0.014      0.096       2.723      2.818
CaLiSb     0.18607    1.16151   0.38536        0.004      0.079       0.010      0.014
CaLiBi     0.20524    1.17235   0.43579        0.007      0.073       0.092      0.129
SrLiSb     0.13939    1.18920   0.00000        0          0          -1.744     -2.287
SrLiBi     0.14177    1.19417   0.00000        0          0          -1.567     -1.971
MgCuP      0.42329    1.43452   0.71701        0.001      0.175      -0.636     -1.456
NaCdAs     0.31212    1.43583   0.87187        0.199      0.050       1.452      2.184
NaCdSb     0.28361    1.38690   0.83819        0.282      -0.037      2.444      3.143
ScNiP      0.39255    1.27984   0.10493        0.001      0.268      -2.415     -5.992
ScPtP      0.45740    1.27471   0.28134        0.008      0.254      -3.510     -7.864
ScCuSi     0.27313    1.01093   0.55907        0.124      0.003      -0.266     -0.588
CaMgSi	   0.44605    1.33143   0.46890        0.025      0.197       1.220      1.828
CaMgGe     0.43422    1.32302   0.47990        0.028      0.193       1.226      1.809
CaMgSn     0.49155    1.37710   0.48756        0.027      0.119       1.960      2.494
SrMgSi     0.38129    1.41155   0.59327        0.015      0.195      -0.293     -0.397
SrMgGe     0.37906    1.39903   0.62980        0.027      0.199       0.071      0.095
SrMgSn     0.37260    1.39077   0.61098        0.034      0.119       0.626      0.730
SrCaSi     0.28829    1.37584   0.07424        0.180      0.218       3.466      4.102
SrCaGe     0.27341    1.35838   0.05995        0.002      0.185       3.936      4.622
SrCaSn     0.33905    1.36417   0.00000        0          0          -0.808     -0.833
SrCaPb     0.34095    1.36592   0.00000        0          0           4.723      4.798
BaCaSi     0.33334    1.49971   0.53964        0.011      0.310       0.285      0.309
BaCaGe     0.36804    1.59403   0.42457        0.010      0.289       0.825      0.890
BaCaSn     0.35273    1.53516   0.33066        0.002      0.227       2.583      2.440
TiNiSi     0.45429    1.09332   0.58402        0.236      0.161      -0.920     -2.412
TiNiGe     0.43648    1.07619   0.62022        0.221      0.008      -0.874     -2.185
TiPdGe     0.49039    1.11101   0.52938        0.036      0.242      -1.143     -2.607
TiPtSi     0.46887    1.13159   0.55530        0.166      0.281      -1.352     -3.171
ZrPtSi     0.46014    1.19234   0.58613        0.345      0.390      -1.958     -4.153
ZrPtGe     0.44982    1.17221   0.63965        0.357      0.179      -1.903     -3.883
HfPdSi     0.45828    1.22384   0.62868        0.314      0.378      -1.797     -3.992
HfPtSi     0.44317    1.22619   0.66447        0.337      0.274      -2.123     -4.671
HfPtGe     0.43869    1.18589   0.69755        0.431      0.050      -1.891     -3.984
NaAgSe     0.61545    1.62888   0.73750        0.051      0.133       0.119      0.194
SrLiAs     0.16043    1.20511   0.00000        0          0          30.121     31.030
 KSrP      0.15727    1.34436   0.00000        0          0          10.531     12.001
 KSrSb     0.00657    0.00000   0.00000        0          0          -1.209     -1.259
 KSrBi     0.00665    0.00000   0.00000        0          0          -0.243     -0.240
RbSrAs     0.23774    1.52196   0.00000        0          0          12.254     12.244
RbSrBi     0.26863    1.53210   0.00000        0          0          14.513     12.056
RbBaAs     0.12465    1.30406   0.00000        0          0          11.761     10.797
SrAuP      0.01526    0.00000   0.00000        0          0          -0.045     -0.070
LaLiSi     0.06695    0.78225   0.23184        0.002      0.022      -1.014     -1.565
NaInGe     0.27653    1.29161   0.66985        0.312      0.001       2.765      3.940
RbInSn     0.21161    1.70638   0.80682        0.333      0.267       1.840      1.960
BaSrSn     0.33146    1.48368   0.00000        0          0           5.782      5.064
LiBeP      0.25999    1.26529   0.77340        0.119      0.018       1.316      3.805
MgLiP      0.40528    1.27813   0.59651        0.019      0.230       0.297      0.653
LiZnP      0.29640    1.29572   0.91291        0.323      0.059       0.880      2.037
LiBeAs     0.24935    1.30302   1.06868        0.148      0          -7.944    -19.785
MgLiAs     0.42645    1.34547   0.60934        0.029      0.207       0.169      0.332
LiZnAs     0.34509    1.37029   0.88270        0.360      0           0.940      1.891
LiBeSb     0.17403    1.31949   1.09596        0.288      0           2.113      4.202
MgLiSb     0.48476    1.42633   0.59658        0.050      0.142       1.422      2.271
LiZnSb     0.40017    1.45503   0.90975        0.400      0           0.816      1.369
LiBeBi     0.17136    1.36734   1.18466        0.311      0           1.827      3.424
MgLiBi     0.49653    1.44546   0.57759        0.041      0.126       1.613      2.437
LiZnBi     0.54591    1.40213   0.83798        0.309      0           0.213      0.340
NaMgP      0.31541    1.43074   0.69149        0.102      0.275       2.037      3.381
NaMgAs     0.34185    1.43976   0.73140        0.114      0.232       1.596      2.394
NaMgSb     0.40136    1.50628   0.76617        0.146      0.154       0.852      1.083
NaZnSb     0.17169    1.48142   1.00293        0.081      0.042       2.745      3.993
NaMgBi     0.44108    1.51263   0.72656        0.127      0.143       1.095      1.338
NaZnBi     0.17789    1.28104   0.79957        0.328      0.018       2.683      3.690
 KMgSb     0.32512    1.76907   0.86862        0.041      0.254       2.133      2.448
 KMgBi     0.34676    1.78041   0.87093        0.073      0.227       1.662      1.816
